1.428939759428946275e+02
1.798108426264190882e+02
9.560123964066524138e+01
1.683423311160801461e+02
1.682956210524924074e+02
2.265271591196918450e+02
2.049027315404111391e+02
1.666917151151057794e+02
1.263637044291015883e+02
1.192018558903131265e+02
1.857441226199889002e+02
1.344005889282713611e+02
1.039107284221202718e+02
1.155631894751429769e+02
1.711351219755689215e+02
1.527632902817380796e+02
1.573251371562973020e+02
1.372535429657930877e+02
1.226841316699831879e+02
2.067852304624974522e+02
1.855135879037427458e+02
1.951295342238643968e+02
1.504212706300647540e+02
1.930747710043735879e+02
1.972909402804686181e+02
1.580368468663661474e+02
1.901932018897026069e+02
1.942711864837759776e+02
2.121681548749432693e+02
1.570911267143699490e+02
2.366247913728197432e+02
1.502389259047334349e+02
2.105177008842603357e+02
1.508863501085744758e+02
2.024785099371838442e+02
1.228873943466768708e+02
2.031197830546117586e+02
2.024763723693621102e+02
1.880542562106773801e+02
2.225550558689270417e+02
1.922632217408806810e+02
1.924628012700285922e+02
1.972768546137778571e+02
1.286656105260887557e+02
1.411197150748934916e+02
1.064947261065355235e+02
1.249214726436805734e+02
2.106512780238168716e+02
1.851559100237367659e+02
1.779912458238401030e+02
1.788597320023408201e+02
1.751779276794947577e+02
1.759368707414724895e+02
1.468809389928847224e+02
1.472987418689853314e+02
2.096484217220732944e+02
1.005453708842227769e+02
1.260958454508417077e+02
1.733224606700919992e+02
1.367675459238036808e+02
2.119384614202029411e+02
1.452891706476478646e+02
1.011758087610596277e+02
1.868110906773841577e+02
2.003276079402373284e+02
2.172186144223620374e+02
2.045607339294576832e+02
2.038374600437402080e+02
1.845776455654619781e+02
1.863162067718884316e+02
1.701969109096455384e+02
1.773165134664532445e+02
1.721407123453810755e+02
1.313145919502794357e+02
1.537565269641208658e+02
1.756464604785631138e+02
2.213845121046393842e+02
1.108563007771733453e+02
1.617958100174170681e+02
2.015845396882199339e+02
1.241645787346633227e+02
1.207948035023824644e+02
2.000490821782920250e+02
1.603547495951786175e+02
1.472967175793372405e+02
1.547412482460024705e+02
1.484660111549651731e+02
1.147064942643695531e+02
1.797845087105648076e+02
1.270534705379772191e+02
1.639813254896855028e+02
1.648223109001059754e+02
8.829938906458671966e+01
1.775164429501688232e+02
1.555353588118202310e+02
1.617911156521594194e+02
2.023846140823068538e+02
1.781264466995213809e+02
1.746660439350747822e+02
1.453323023922515631e+02
1.526651071462831055e+02
1.940852077740723018e+02
1.589196782037500952e+02
1.381024968514826412e+02
2.274568600426517548e+02
1.875627454567043060e+02
1.808499494645698746e+02
1.485932792224330967e+02
1.737087006854981439e+02
1.983004901511900755e+02
1.122543081884429625e+02
1.525318542158057937e+02
1.787387056809407397e+02
1.754124220442909916e+02
1.956983494112090796e+02
1.723801757376309070e+02
1.059988743723018843e+02
1.467561731627970687e+02
2.050779215653739698e+02
1.534177828783968209e+02
1.661064446744075269e+02
1.681322282777699684e+02
1.877643775297940181e+02
1.616419957654961763e+02
2.038779144089526767e+02
1.591701787823242285e+02
1.812900564778238959e+02
1.841585030034516990e+02
1.981767657468236052e+02
1.178007623708166847e+02
1.399403772445790821e+02
2.000473822132207431e+02
1.358582107917489452e+02
1.599372010526997769e+02
1.862383967827557854e+02
1.866702144753790549e+02
1.932695380701004524e+02
1.452133225094870568e+02
1.525802353846225685e+02
1.684545620685892686e+02
1.776580244430448943e+02
2.033652332760390493e+02
1.779585086086166257e+02
1.991094142163354945e+02
1.975430485045482101e+02
1.342070459002271718e+02
1.535299571011279625e+02
2.043665254510642910e+02
1.501880284095454954e+02
2.184651022365042081e+02
1.992310404768898024e+02
1.556670671082343063e+02
1.941419761070718266e+02
1.745548906068544284e+02
1.595144155709884046e+02
1.093061208929810419e+02
1.916872165324185744e+02
1.774092466927975238e+02
1.807105247888703161e+02
1.437453128046403492e+02
1.398387798937215223e+02
2.136565902144474478e+02
1.863909850069183847e+02
1.755700413177863481e+02
2.027863310851608958e+02
1.550321395090743977e+02
1.980130085883788240e+02
2.122115255190737741e+02
1.168299241124565100e+02
1.331053939107682709e+02
1.367442612187727491e+02
2.209949383582369364e+02
1.987843331473161186e+02
2.055913320396556685e+02
2.273563384178173123e+02
2.055970010595877397e+02
9.707862764803293487e+01
1.886074300891099540e+02
1.183048383552886804e+02
1.574690867483237469e+02
1.607541870496339982e+02
1.774555336249349011e+02
2.021550402287945758e+02
1.233479100057578677e+02
1.920761103404978485e+02
1.821613587075929388e+02
1.077791768489618249e+02
1.347242969379321096e+02
1.280008377047687418e+02
1.568330539805350838e+02
1.472271161189846964e+02
2.006433626007400619e+02
1.856645674078789625e+02
1.705676792236758104e+02
1.510104974618739675e+02
1.686554612450902084e+02
1.771525505775228737e+02
1.207614678844111751e+02
1.997738863346704363e+02
1.720812662505567232e+02
1.593907243153472564e+02
1.842679840687848412e+02
1.826070474874105116e+02
2.096827266263381091e+02
2.000223780035475158e+02
1.150195111034757929e+02
2.008877954726157498e+02
1.218326033691678134e+02
1.300563146043516554e+02
1.993442000190429155e+02
1.113468604785794298e+02
1.941561627004605839e+02
1.907505372992715422e+02
1.771453835695524504e+02
1.601840994027000136e+02
1.793572021616032544e+02
1.656981893741626379e+02
1.840754061872276850e+02
1.832241138300740886e+02
1.403650031322194991e+02
1.356124140887466467e+02
1.679242133575171181e+02
1.454975132366863875e+02
1.683948325619651598e+02
1.630960661845231812e+02
1.362323340413248616e+02
1.517630578077593952e+02
1.414837790105033832e+02
1.403334858037046331e+02
1.692944179737627053e+02
1.457264519872727817e+02
1.535331494567257380e+02
1.724656490824240507e+02
1.629389983982224521e+02
1.347147791975746713e+02
1.552234692318678526e+02
1.831758660727824974e+02
1.035603382152021510e+02
1.143281251401270566e+02
1.469020326718997183e+02
1.271514330946137221e+02
1.562609100776952289e+02
1.472718682413943725e+02
1.959118822730320915e+02
1.027156580912395611e+02
1.612023322412992172e+02
2.077562381097575042e+02
9.082732413617002010e+01
1.348006167507193425e+02
1.302556271652759108e+02
1.891317190822554721e+02
1.400878816526389130e+02
2.302346935378247963e+02
1.896175265664578831e+02
1.820184343761951880e+02
1.586121739311203669e+02
1.549567128169295529e+02
1.278644061128928087e+02
1.939819729124521643e+02
1.565046789772518707e+02
1.845137350663839584e+02
1.799298981022426176e+02
1.712025977942780344e+02
2.058650985298178853e+02
1.442178108575649844e+02
1.423126639162878746e+02
2.016678737818218110e+02
2.031688623416246173e+02
1.523628051750203554e+02
2.240148033346224281e+02
1.463251315799442409e+02
1.228757981732643287e+02
2.553893867762222669e+02
1.828413636392500052e+02
1.732169245101696049e+02
1.801831124522790901e+02
1.756189742407278231e+02
1.089984361712534593e+02
1.265588084867380871e+02
1.702497913202230677e+02
1.687475751682510179e+02
1.666951015340346203e+02
1.776921151361280806e+02
1.564494134128932217e+02
1.648614296249206745e+02
2.278799502371157075e+02
2.011624354716997800e+02
1.820469586013284697e+02
1.571622359469523929e+02
2.323514743478797584e+02
1.164859378013440931e+02
1.852289970561224095e+02
1.513509001967200334e+02
1.442901615374988182e+02
1.767624653142590034e+02
1.745872374548470702e+02
1.577240666880301490e+02
1.867823662624354881e+02
1.808299543563921077e+02
1.515820482719157098e+02
1.483541162147598413e+02
2.286296245257033206e+02
1.431468910175396729e+02
1.527781577151618251e+02
1.314368790178012318e+02
1.784155280526499610e+02
1.947518520882706525e+02
9.928967854155422401e+01
1.373772314198147342e+02
1.908553120339753661e+02
2.028655124113642216e+02
2.325967016882364078e+02
6.394111108717109460e+01
2.087920355998866455e+02
1.371629041439577747e+02
1.596896185520336928e+02
1.511256369557719950e+02
2.039462795208266641e+02
1.437172791773473364e+02
7.179073432233546725e+01
1.050285406524634624e+02
1.655092861770217496e+02
1.480322315648966764e+02
1.842738098834098253e+02
1.252514676074551261e+02
1.543037921658022071e+02
1.781335710777283339e+02
1.619657926195885125e+02
1.584507712342740717e+02
1.968554511656186889e+02
1.458791314842046916e+02
1.877860868332497546e+02
1.609898663247290642e+02
1.989839585047845105e+02
1.948813569902771974e+02
2.907593618745380013e+02
1.830558661951687327e+02
1.128563561188086481e+02
2.548046023588416915e+02
1.323741932425629670e+02
1.997115186436058991e+02
1.995613734792045761e+02
2.242109466837939067e+02
1.879400741860342521e+02
1.631517642409517919e+02
1.275592308680187585e+02
1.716777359675401442e+02
1.496730515222911890e+02
1.770505946351187561e+02
1.535785892533623098e+02
1.292008781732925513e+02
1.203275186663213105e+02
1.408470790628529699e+02
2.226227282369231091e+02
2.203124344328701056e+02
1.531144104459345101e+02
1.575339880761348184e+02
1.553540620859044736e+02
2.017946759794775460e+02
2.372215767093701118e+02
1.416390500885148924e+02
1.587095897238042710e+02
1.074255869010217594e+02
1.683900405993406082e+02
1.566401051403179281e+02
1.442030459857978144e+02
1.863411873715174067e+02
1.660690349085017772e+02
1.247316737927185670e+02
1.441199403170022890e+02
1.330511111489929874e+02
1.024126958771188782e+02
1.883778504666165077e+02
1.873297743943471119e+02
1.499317443907816312e+02
2.021783164451226753e+02
1.429965739345647933e+02
1.491006200023169868e+02
1.701530137058618664e+02
1.433665092863131463e+02
1.423231542824439941e+02
1.525403808686189961e+02
2.420055186734689414e+02
1.677044674549721321e+02
1.701814200735303473e+02
2.356253145434735643e+02
1.612251130768165979e+02
2.057690061095390774e+02
1.051393088096932331e+02
1.712002718873157221e+02
1.723826405559893544e+02
1.461428087189495670e+02
1.921347120665431873e+02
2.055759522012052969e+02
1.895816703682384343e+02
1.749382495219557541e+02
1.396100488023129742e+02
1.077238497214621589e+02
1.957634700445257465e+02
1.611959437371641854e+02
1.790039048842057809e+02
1.232856426942019681e+02
1.819745354099105441e+02
1.700155870068208799e+02
2.148599878184825229e+02
1.865516868241147108e+02
1.331579562186478540e+02
2.495780912409960024e+02
1.424966443623519297e+02
7.492132153137679040e+01
1.417984138639365881e+02
1.155878673997084292e+02
1.837685067883776071e+02
1.772783200729520274e+02
1.851582448918339310e+02
1.266592290993415872e+02
1.921508205322502647e+02
1.394929151845700233e+02
1.877772219302645453e+02
1.493065528312969832e+02
2.088917310303262127e+02
1.823821853710326764e+02
1.699678673131548123e+02
1.095265970448249391e+02
1.983741235474847713e+02
1.629712553525283454e+02
1.531831905318328211e+02
1.592801673460493248e+02
2.028567108679643809e+02
1.819610117579690609e+02
1.730578634429490705e+02
2.359001415238360551e+02
7.046740818178493271e+01
2.007793330165392263e+02
2.242436537795404092e+02
1.625081796028460701e+02
2.023739442540749565e+02
1.533534692280122158e+02
1.848540159352111232e+02
1.282973255276218651e+02
1.758819677845820024e+02
1.433320731977214848e+02
1.305979232206014160e+02
1.398578712405962960e+02
1.302731186896726001e+02
1.860064834766342017e+02
1.206109311728959455e+02
8.029749389414160987e+01
1.751163071267295948e+02
2.166786466456303231e+02
2.031478940063071263e+02
1.845669969817405160e+02
2.282467856695328692e+02
2.962185452792625142e+02
1.911693068394668273e+02
1.780585607076791916e+02
1.545564220308642973e+02
1.615222327342468418e+02
1.332240452649455449e+02
1.335552681064592662e+02
1.594128377715713896e+02
1.721612066125309468e+02
1.847409187499877987e+02
1.787711078341194764e+02
1.487953144745922032e+02
1.521321557883860862e+02
1.525635400219500468e+02
2.184148517517028836e+02
1.493938803670837387e+02
1.200192663623621314e+02
2.266095380015546255e+02
2.005847806743347235e+02
1.940212300531018457e+02
2.059111391400448383e+02
1.905134421581532536e+02
1.548166766949855457e+02
1.485220423594892623e+02
1.615874070975039558e+02
1.168148788988719389e+02
1.928558429884546115e+02
1.976579250816474200e+02
2.113004121120744401e+02
2.038712663876737565e+02
1.392144912296854216e+02
1.551659704697506754e+02
1.640893763347930019e+02
1.525369600118364986e+02
1.533666759344369268e+02
1.577581837826170386e+02
1.622357657238849242e+02
1.999656208426538910e+02
8.854145885505654689e+01
2.284164337434475271e+02
1.939050522080393364e+02
1.478135892013799548e+02
1.549215273273026412e+02
1.987661316851810511e+02
1.355921338023890996e+02
1.519363058169735154e+02
1.905425682164412251e+02
1.345426801769019107e+02
2.061055501576773565e+02
1.931237585819267792e+02
2.127640813420632071e+02
1.902120980350139803e+02
1.203750551861496518e+02
1.968380234873453389e+02
1.846823845175349561e+02
1.549661483842619134e+02
1.419005397818180256e+02
1.855031408735591185e+02
1.922047518850054360e+02
2.475733230105182088e+02
1.260112981170713340e+02
2.208004250548607672e+02
1.146869069286144622e+02
1.003618149685764536e+02
2.155408514923812504e+02
2.083481460586519631e+02
1.547193287371149779e+02
1.515892348864131520e+02
1.484862674284127877e+02
1.607600425633185068e+02
1.240628833243932405e+02
1.606339845516674245e+02
1.808074600972648511e+02
1.638507944425098231e+02
1.718875974242659765e+02
2.109351674075352889e+02
1.338569120807401021e+02
1.595190117426029133e+02
1.818117640555737751e+02
2.233388702782721111e+02
1.842981084666328115e+02
1.691382060814273416e+02
1.834428109545209509e+02
1.355208259330991325e+02
1.775560202946103061e+02
1.499391788468138031e+02
1.585587898136747356e+02
1.834785202443748915e+02
1.481646262297303451e+02
1.550863608943382985e+02
1.726954479774221909e+02
1.835843696201917510e+02
1.746612114630395354e+02
1.694867813396957104e+02
2.170511050860407636e+02
1.792713963235942174e+02
1.798532941267508818e+02
1.543047868199841446e+02
1.492197955714442230e+02
1.123628407327267951e+02
1.583264424324879940e+02
1.146284271358503872e+02
1.772823452998975426e+02
1.622818119863907782e+02
1.305440610714005913e+02
1.432865076230750105e+02
1.411406443665772201e+02
9.072395433313680257e+01
1.753528848045210111e+02
1.705232755940317304e+02
2.005940143520889762e+02
1.546440264264337259e+02
1.877490846335627168e+02
1.497294567933743679e+02
1.479004644347814690e+02
2.028952613516852068e+02
2.174650039209898864e+02
2.146657122951477845e+02
1.297553768227458022e+02
1.743747806731663275e+02
1.540978389316552466e+02
2.060953539065141626e+02
2.059843792015382178e+02
1.698823473117125502e+02
2.399926317692889484e+02
1.621795687979736726e+02
1.377812624858990205e+02
2.467833894710958873e+02
1.636339094571162036e+02
1.335617705678398863e+02
1.923431046536396423e+02
1.338167899787230795e+02
1.840500750307398050e+02
2.037026121710102586e+02
1.661107914093969384e+02
1.026301380935388750e+02
2.022458963038071431e+02
2.166215459466601772e+02
1.099011153681790915e+02
8.381787734084440444e+01
1.159806551871459277e+02
1.203784031250074378e+02
2.308812170024231136e+02
9.804906709724723157e+01
2.046826936173717399e+02
1.480149766274486183e+02
1.246400916874245155e+02
1.751041040067397887e+02
1.995933433325672581e+02
1.940094865709523617e+02
1.742213449914909233e+02
1.663909932010350019e+02
1.636516759087047603e+02
1.623148103671710487e+02
2.179234104934469372e+02
1.689882359542040433e+02
1.762436780677718389e+02
2.094057464337437295e+02
1.779221986367354305e+02
1.229084373163993575e+02
2.113073213893629827e+02
2.135859341332639758e+02
1.373229433226295271e+02
8.544936461313616860e+01
1.678906005421673626e+02
1.578380025039787427e+02
2.160949117218514175e+02
1.191306830698968184e+02
1.826034662993457971e+02
2.136973275895046527e+02
2.293351053085650904e+02
1.562387123738589025e+02
1.625190678646069955e+02
1.839369007949048012e+02
2.290232218665053665e+02
1.433018106785961550e+02
1.820831147797215976e+02
2.273944903682153438e+02
1.266293199503048896e+02
1.409284718051694369e+02
2.083811914813747137e+02
1.332525278861048719e+02
1.302878362652618875e+02
1.744207823626403240e+02
1.967500443580128717e+02
1.303836374000375145e+02
2.086937493131001418e+02
1.603110276059887553e+02
1.633234932645988806e+02
1.795830752261707914e+02
1.766079837427022881e+02
1.380442392491855799e+02
1.322400239801933708e+02
1.474191363620811330e+02
1.810749104405287540e+02
1.880950590683288226e+02
1.784383753482798909e+02
1.766193787571617406e+02
9.238459228986322103e+01
2.052496384212770977e+02
1.750935796120971020e+02
1.410900135676011757e+02
1.219298382330216697e+02
1.765551076621215714e+02
3.418470036974005666e+02
1.871609775034251300e+02
1.390110120694962745e+02
1.251499420121931365e+02
1.586400599334351966e+02
1.875929377496777306e+02
1.403506447191361417e+02
1.442248392846809111e+02
1.673058037389566550e+02
2.158238630655968677e+02
1.542599119960786140e+02
1.154186949422768720e+02
1.311507661831709584e+02
1.275769129490273457e+02
1.399195033893942934e+02
2.177105695872180604e+02
1.610110765088801088e+02
1.674929775216807286e+02
1.904759084555315667e+02
1.883680794383760144e+02
1.420938739069115115e+02
1.508340718935899076e+02
1.534467847540697960e+02
1.574658518825144995e+02
1.547108552894555942e+02
1.668397671326555383e+02
2.221225523692049251e+02
1.778627688853635789e+02
1.412057571155184519e+02
2.332339830579919351e+02
2.080069027877507892e+02
1.446724242007748273e+02
1.232693512332835013e+02
2.009012193739004601e+02
1.804895767938859592e+02
1.911832550557192860e+02
1.427939840073856033e+02
2.111276136938350305e+02
1.808087084031088807e+02
2.481943612668495689e+02
1.919190458580411587e+02
1.800396597864144894e+02
1.903331077900201080e+02
1.439145029533474371e+02
1.385220106354022107e+02
1.322350305241506874e+02
2.117809236685180565e+02
1.860726736180076841e+02
1.684952040586501880e+02
1.586122351987378352e+02
1.476443060824424549e+02
1.962010920052956635e+02
1.901647761101947083e+02
1.401717339293445264e+02
1.794651618913232767e+02
1.493576210495355383e+02
1.841510733023492321e+02
1.563345217300959291e+02
1.376203434319536996e+02
2.016452059288579335e+02
1.628434247367989656e+02
2.373772470925881066e+02
1.688532355081349294e+02
1.257973695515640316e+02
1.587286958016039762e+02
1.893172011905683689e+02
1.697580912988845796e+02
1.092687760019893659e+02
1.949316247203794319e+02
7.812797847021852249e+01
1.605665233769741462e+02
2.345663865162054833e+02
1.511811301969417229e+02
1.835047702939083649e+02
1.681908813347163800e+02
1.450982708714290936e+02
2.213211457608680632e+02
1.963835732290689577e+02
2.021251289380302865e+02
1.894691758223916338e+02
1.627883016482310552e+02
1.763072172140565499e+02
1.585603111135627614e+02
1.635393721066049011e+02
1.478847935986969446e+02
1.461979937351655394e+02
1.279164829214542181e+02
1.473822424358998262e+02
1.967803626052043171e+02
1.507286928578024572e+02
9.583609114356468694e+01
1.703577012225652823e+02
1.313598579080056368e+02
1.405147638563335306e+02
1.576393863538923767e+02
2.720495830419728804e+02
1.234256742368159223e+02
2.401018550423291060e+02
1.405539850486182161e+02
2.089070726825964925e+02
1.106783455025717160e+02
1.390321837464090606e+02
1.254325483061262645e+02
1.345107955326373599e+02
1.867573226978983314e+02
1.652537496816680402e+02
1.478763570031062216e+02
2.304426692741744205e+02
9.382019598086223766e+01
1.924937867677574843e+02
1.060514310232951090e+02
1.695080570661821753e+02
1.974611965343818554e+02
1.299693350077551486e+02
1.851594284437928195e+02
1.246524240430367314e+02
1.653162552717631399e+02
1.411027691553732097e+02
1.655884242397208084e+02
1.798106969777178392e+02
2.067548186940801145e+02
1.558796071746729694e+02
1.959296343401845490e+02
1.616655961708884774e+02
2.223917358390856691e+02
1.589410496518525235e+02
1.574669782313753217e+02
1.704903439842344710e+02
1.799169827708566629e+02
1.741057466558015960e+02
1.722106081931827646e+02
1.395641180929287657e+02
1.963184483574496255e+02
2.286111703775636386e+02
2.116555643961682733e+02
2.171886717638010396e+02
1.701544057712293068e+02
1.256944887054556119e+02
1.588259230586766080e+02
1.720374567786393243e+02
1.379522834888278169e+02
1.735213591545233669e+02
1.708674507955098250e+02
1.685514314946117054e+02
1.630599681950545516e+02
1.319632412156265957e+02
1.233149583226277599e+02
1.591402898056749109e+02
1.253001183039941253e+02
2.086123428073981074e+02
9.535076325160189015e+01
1.668949957877685222e+02
2.001676529578725194e+02
2.138395314536950877e+02
1.771201516643289153e+02
1.637717466867519249e+02
1.337312705698253978e+02
1.630282423050637135e+02
1.855115937508147965e+02
1.382602333754790607e+02
1.704351063034748108e+02
1.683577206775279365e+02
2.155717594382437596e+02
2.345946281403068667e+02
1.776851702252588154e+02
1.538937314259187588e+02
1.610871465482135818e+02
1.313342279056347195e+02
1.552913376024828835e+02
1.960691393907213467e+02
1.971663932741978158e+02
1.410460623905738942e+02
1.508209808969724861e+02
1.431491120713646410e+02
1.850072550139485656e+02
2.097649110402614099e+02
1.242165442788410701e+02
1.572944006433624793e+02
1.879216084514649481e+02
1.167162358599811256e+02
1.731352955140719132e+02
2.078558292885476533e+02
2.184624544974321338e+02
1.371075373298702118e+02
1.588799618911373273e+02
1.526600017263268398e+02
1.452384277537648813e+02
2.028717804036376720e+02
1.664142426993294919e+02
1.705455843569022818e+02
1.715750097805874930e+02
1.713218243900265634e+02
1.635602550264909780e+02
1.761471532240698252e+02
1.453498514531696628e+02
1.282274651331134123e+02
1.602605434609905330e+02
1.463170223451907930e+02
1.430310420159886462e+02
1.810841161008623033e+02
1.528625567588529464e+02
1.247303574469517429e+02
2.028884615201343138e+02
1.639182009458759239e+02
1.598197093820404575e+02
2.125468051529266802e+02
2.297040613901838526e+02
2.105904716772068923e+02
2.134885009641392060e+02
1.748739935378628445e+02
1.257752991925605670e+02
1.442897675234328005e+02
1.444817177494736313e+02
1.734248810882156420e+02
2.036219822924111327e+02
1.498530383159871917e+02
1.459972525511081187e+02
1.603497108016465802e+02
1.562304025014372257e+02
2.203432554164527062e+02
1.259772391679885999e+02
1.647465855530591057e+02
1.190281609308202775e+02
1.259183937463766796e+02
1.645255924340912088e+02
1.295368231889004846e+02
2.161250604492883838e+02
1.777318992762587015e+02
3.076991816143264487e+02
1.586397481751972407e+02
1.700047801516225547e+02
1.499184549241200841e+02
1.683262904569699288e+02
1.361055568093143222e+02
1.012537086350892537e+02
1.585624583937409113e+02
1.241463931180035303e+02
1.460226398518200313e+02
2.046507086245973994e+02
1.634302250426781029e+02
1.627685779907287440e+02
9.289571635494289126e+01
1.628891549476354328e+02
1.388819551857937427e+02
1.468405959887642496e+02
2.023517682669942985e+02
1.374433514017333096e+02
1.315270539194572166e+02
2.017749349088508950e+02
1.771688649174706143e+02
2.214637275586262604e+02
2.491249060426658843e+02
1.638620887702358289e+02
1.773316497638567171e+02
1.897807648981364252e+02
1.761841100485002869e+02
1.687079751727116275e+02
1.901941785245996641e+02
2.069982004582005573e+02
2.078447205166136200e+02
1.352353787431625847e+02
1.552594261927966102e+02
1.422147988723364449e+02
1.293436193211104808e+02
1.271946314115816108e+02
1.676730808326276474e+02
1.422431472315456062e+02
1.600880194250466388e+02
1.398890135178023399e+02
1.964431935886411225e+02
1.853336640434094988e+02
1.725779738979215949e+02
1.123708693700893946e+02
1.682827458164445034e+02
1.727046530914292930e+02
1.981987765508891641e+02
1.162024468360746710e+02
2.060209567941111857e+02
1.205424567457086482e+02
7.672942234134728778e+01
2.157069208716447974e+02
2.010051751181318878e+02
1.194340317720394040e+02
1.370543922379489175e+02
1.414538705526958040e+02
1.958920990626920400e+02
1.719942352478568637e+02
1.581970186718826312e+02
1.881620007528262306e+02
1.827419977777135500e+02
1.833731064254882028e+02
1.691703873149719755e+02
1.588516861777085580e+02
2.062799568129220802e+02
2.058090530940229712e+02
1.420070405830942093e+02
1.996723384790204250e+02
2.259547380501246607e+02
1.585885268795895797e+02
1.225499502891288301e+02
1.556545393232361505e+02
1.351941210643701368e+02
1.228240942807508418e+02
1.847575568423354184e+02
1.714679564465031660e+02
9.945195649564125517e+01
2.054770459498794537e+02
2.263468128380372946e+02
1.638756650217476363e+02
1.696177682326967897e+02
1.383763163630534336e+02
1.497018677848272148e+02
1.842735828880621511e+02
2.021797695329636610e+02
1.593480729298237009e+02
1.988285452237525703e+02
2.251480099465791227e+02
1.779889457978440817e+02
1.205955219642441136e+02
1.269211418693661670e+02
1.879312215601460707e+02
1.414924606795231341e+02
1.517252755986550881e+02
2.041370305329876089e+02
1.794932226976370373e+02
1.984925668184635583e+02
1.184030149032566754e+02
1.580126864300202669e+02
2.048569425941957434e+02
1.909895761974308073e+02
1.779210189048984887e+02
1.255380442433785788e+02
1.799231490475371515e+02
1.483078234116106557e+02
1.426523788183665431e+02
1.138406076174412220e+02
1.699842101060513642e+02
1.425894345206050957e+02
1.779702905792028957e+02
1.556250572266333450e+02
1.638610308001458122e+02
1.977491010648076895e+02
1.468295736599702366e+02
1.123257084407628525e+01
1.841911628498103681e+01
1.633983979806483333e+01
2.150082485159042989e+01
1.981270004282401231e+01
2.174587949739005666e+01
1.705515491463658861e+01
3.127124514004046318e+01
1.365444685029375371e+01
9.592572695504436808e+00
1.482817674063887026e+01
2.076346090421952084e+01
1.576701449987112724e+01
2.218231933813112278e+01
2.011940100579343493e+01
1.432580954233067771e+01
1.129637196680458189e+01
1.606687698940177711e+01
2.734341089249296886e+01
1.247174265083437561e+01
1.631072942240045620e+01
1.706172022529773358e+01
1.510255905453367475e+01
2.164751220500982143e+01
9.546635718800894566e+00
1.169414928913026408e+01
1.692752088016581524e+01
1.900488919103684538e+01
1.849188923142362029e+01
2.675538704367580323e+01
1.100358976168606162e+01
2.189421979723570288e+01
2.803342931307314245e+01
1.607415617200510383e+01
9.169180048435178421e+00
1.604842135322330776e+01
1.866574413544382338e+01
2.358700452080010379e+01
2.144212688532024558e+01
1.337266091365584586e+01
1.919865856062168064e+01
9.592349729497648525e+00
1.111054671926571658e+01
1.190544544299989127e+01
1.357340166410822491e+01
2.074774409559099198e+01
1.193163696266472051e+01
1.929999244319669671e+01
2.544319787713757819e+01
1.336337247344135548e+01
1.901126320886104182e+01
3.135937878067462492e+01
1.826327388766234705e+01
1.083845877402300673e+01
2.100841016409536621e+01
1.289878196350293926e+01
1.979421229907326207e+01
7.894314822503090134e+00
1.123948401879316705e+01
1.960456733851837541e+01
7.841995779712532588e+00
1.989863034554319654e+01
1.301387518940655319e+01
2.486116532925749567e+01
2.820141121258852124e+01
1.736413861723160679e+01
1.910301411644806180e+01
1.383722493834712175e+01
1.329863246113965047e+01
1.468035650870949738e+01
1.683561901456544163e+01
2.457955299821356121e+01
1.897819094217093294e+01
1.320616831693510917e+01
1.026054613927496284e+01
2.320648646834953865e+01
1.901353687550307825e+01
1.464272555135642406e+01
9.314292288554810284e+00
2.111727369208349003e+01
1.899517027499740962e+01
2.245008002977781203e+01
1.994506743523241354e+01
1.491575235960210577e+01
1.675993975412517401e+01
1.271551105301537632e+01
6.970599757697608645e+00
1.783972207333434667e+01
2.785214964840238139e+01
1.951768119865476692e+01
1.496671189901732291e+01
1.016847545755133098e+01
1.486085702466769831e+01
1.475657208569519341e+01
1.610272480312296395e+01
1.786216026518121680e+01
1.458253167970593367e+01
9.335178825508199552e+00
1.475961420832029702e+01
2.579508608407761017e+01
1.956147505986733393e+01
1.974912059799635600e+01
1.920041418372759168e+01
3.075888537189217331e+01
1.709158158232118296e+01
3.145671599750419745e+01
2.072542104283206044e+01
2.756218393802826583e+01
9.497970639341025034e+00
2.637325677455152473e+01
1.635217999457842097e+01
9.985797266410097350e+00
2.025917577379694023e+01
2.236790776807924530e+01
1.177779286806048731e+01
2.327359583088436779e+01
2.056142437108500332e+01
1.598459182197606765e+01
1.149461638821616027e+01
1.796965334400224279e+01
1.569873224377104393e+01
1.049937790168126028e+01
9.218826917863722770e+00
2.586139932136253705e+01
1.211992940365802696e+01
1.074246824963313784e+01
1.235627183108882221e+01
1.600666847191055808e+01
1.449489915862644196e+01
1.616650692751019847e+01
9.609878489421754821e+00
1.143275972115162631e+01
1.181254969331903126e+01
2.909448599683813441e+01
2.016926643824942644e+01
2.195574660301508274e+01
2.462178544733724905e+01
1.368088560039353219e+01
1.881621849800703217e+01
1.956657895100853395e+01
2.306788353868867603e+01
1.167166350948369491e+01
1.931967754912214019e+01
2.319637616398874158e+01
2.267329248546192488e+01
1.929777364123007288e+01
1.116543358700477739e+01
2.426105077606251470e+01
1.815418495838153845e+01
8.628991727897872721e+00
2.640437649524997710e+01
1.828389560247084589e+01
1.102862394818875202e+01
2.878449274917385026e+01
1.221049246026063528e+01
2.000878742077572525e+01
1.342633686272789539e+01
1.193871880195483115e+01
2.789855189500945798e+01
1.242229896822544788e+01
1.125061020930674971e+01
1.742113986845706819e+01
1.126691882063660799e+01
1.167482335082958755e+01
1.747770816638070457e+01
9.565521265587051403e+00
1.170692525255998007e+01
2.159497878224562939e+01
1.018541215824396318e+01
1.577886631040584220e+01
1.479078884200807664e+01
2.153265604490512786e+01
1.773973424246058883e+01
1.203160824429451914e+01
1.872239366375524128e+01
1.309016299371956293e+01
1.041103347431472237e+01
1.633084922442633413e+01
1.696849922003610800e+01
1.720606981430670501e+01
2.852923298682134856e+01
2.079918503057124113e+01
1.923762230614553559e+01
9.842254324433199031e+00
1.156658574221773961e+01
2.546315352778348640e+01
1.678437229272244124e+01
1.396770941858509474e+01
1.019922913434135125e+01
3.485223848078290843e+01
1.388359394252944412e+01
2.808576832508201448e+01
1.259374679408503361e+01
1.094646851060652892e+01
1.675083543289214916e+01
1.002130132619213221e+01
1.109344092229629197e+01
2.059006295192851255e+01
2.547098680532496928e+01
1.631560486065756166e+01
1.709927499775307780e+01
9.513944443876621193e+00
1.951266067150720573e+01
1.622827279447016480e+01
1.525872044331716992e+01
1.468276231783657693e+01
4.814381396652832024e+01
1.007854890990383900e+01
1.306159189663241449e+01
2.743613924957072570e+01
1.737871466794751996e+01
2.000565051733149602e+01
1.654171959496724043e+01
1.871910802562811327e+01
1.481714726958866279e+01
1.763298583180799994e+01
2.675300943532442943e+01
9.665647950063949168e+00
1.826884346968703809e+01
2.204158132226575972e+01
1.199952079551993123e+01
2.418621397080178426e+01
1.509738704713220159e+01
1.289705418709868212e+01
1.385312424050913194e+01
2.156754425682033371e+01
3.393883296094765711e+01
2.043259318414060033e+01
1.621128142068286948e+01
1.070706308164723097e+01
1.850152051342174531e+01
1.070965595168098972e+01
4.117192472419098692e+01
1.010783473839270385e+01
1.972349959719442225e+01
2.061817641157743708e+01
1.270832931374336106e+01
1.073849362603690771e+01
1.522567659361767056e+01
1.577555517881884839e+01
1.215477236441773989e+01
1.781080111834408797e+01
1.704766758173999008e+01
1.777346233289884836e+01
1.020621836812126304e+01
3.455957059471542436e+01
2.225096432276911784e+01
1.285681320254677118e+01
2.944101257926586612e+01
1.017935733727437153e+01
1.326357964255169364e+01
1.344477382345649907e+01
1.971729374427022563e+01
1.344057030852788870e+01
1.770561582239848519e+01
2.104221810207200249e+01
2.627550913566848934e+01
1.649957379869377405e+01
1.011940852721545880e+01
2.915085188191567767e+01
1.357060322282501019e+01
1.792576453062194020e+01
2.145040890651984000e+01
4.266317760378540669e+01
1.164225315793432003e+01
9.277113167846518849e+00
2.514766603059696592e+01
2.136265821051661362e+01
2.530354898174297062e+01
1.296834615933675394e+01
2.095572485256528594e+01
1.333166557109463568e+01
2.330003769570317118e+01
1.654881194635026986e+01
1.815677118515309374e+01
2.310193576452317998e+01
2.605496058586378183e+01
1.997700281482335782e+01
1.860295196071416512e+01
1.281080451987170932e+01
1.212553484959568273e+01
1.767405605237636834e+01
1.694332244267269161e+01
2.852081099104439232e+01
8.011625504009389331e+00
1.874129100851648744e+01
1.725804745302290755e+01
3.567990114836397453e+01
1.148005640040860698e+01
1.257388798077443681e+01
1.466411268026568493e+01
1.705050573188434271e+01
1.381125628262307004e+01
1.646792702695825028e+01
1.210627374979159399e+01
1.207231142904369747e+01
2.104153793758357338e+01
1.374937742163902321e+01
2.131222604180412716e+01
2.117472881600589574e+01
1.885118627259344137e+01
5.668073446871294863e+01
9.250582144124201989e+00
1.867927887292352551e+01
1.026430309827452803e+01
2.294476220982409842e+01
1.060366622075306964e+01
1.672598175722416514e+01
2.717127609901812235e+01
1.637514653149207433e+01
3.664185825550946163e+01
3.063348817247642586e+01
1.327694681177760927e+01
9.778225004883076110e+00
2.517131074438361082e+01
2.920500603970154785e+01
1.690617147677445686e+01
1.643844648575973366e+01
1.616667999679861367e+01
2.340723323224467123e+01
1.473537113383751418e+01
1.439092967086376973e+01
1.429787872042097874e+01
1.256211598497680626e+01
1.721037138131608657e+01
1.970615714767373206e+01
2.835381752470454586e+01
1.686976976030920383e+01
2.678741700337161546e+01
1.489092123237815457e+01
1.081379615365608160e+01
3.294645009417161674e+01
1.376364581980217139e+01
1.415145544827901603e+01
1.213036450118091558e+01
7.682775654924734354e+00
1.055194820677736089e+01
1.575572210132927609e+01
1.523615222249547685e+01
1.647898594146679585e+01
2.370479558222954353e+01
1.814915105126465633e+01
2.529603238563873191e+01
1.609084295654571406e+01
1.567100236292061055e+01
1.800302528740673580e+01
1.127264865927240223e+01
2.382094212685214174e+01
1.943198378602815524e+01
1.325264397903983493e+01
2.376577774381961916e+01
1.192583573969696431e+01
1.611739036017119631e+01
1.831285221361749294e+01
9.313598410978293884e+00
1.614233182164563374e+01
1.189731647261531577e+01
1.411615176346465894e+01
2.247341927481243218e+01
1.083641214088758353e+01
1.287281395490158076e+01
1.937607758174576134e+01
1.442317495925348325e+01
2.190246306403446397e+01
1.233569412527974762e+01
1.528794761938787516e+01
2.316560427340535355e+01
1.977861978504254736e+01
1.662554746617679768e+01
1.288303927490737877e+01
3.163077304111650889e+01
2.074020721771436371e+01
1.892492272516060936e+01
1.149392837965832648e+01
8.433418000704595130e+00
1.622599497878727703e+01
1.751268265866903562e+01
1.597966454945193604e+01
2.846133103196268266e+01
1.959344765156716051e+01
1.080936706695233518e+01
1.622508678673449367e+01
2.183809086435211810e+01
2.235366103150942152e+01
1.334688874162551819e+01
1.493565539579866908e+01
1.435671461903196011e+01
1.938620879042343503e+01
2.114930058852607431e+01
2.403882327645600370e+01
3.048862664262588140e+01
1.870404096837359020e+01
1.525824210779913770e+01
1.972934282792176930e+01
3.917719862405962061e+01
1.207133288389709769e+01
4.036437001640687328e+01
1.553153708061334015e+01
3.128447172502748685e+01
2.380781041106110862e+01
1.410996386681030756e+01
1.929978281862850409e+01
2.217736430619006427e+01
2.090555324393756109e+01
9.506223877169555081e+00
4.361960159504798185e+01
1.342193923708624936e+01
2.587365942175787126e+01
1.634682237160949114e+01
1.490239916587129088e+01
2.662298191897430755e+01
1.863145932759488943e+01
2.923498894155006411e+01
3.058901705293295947e+01
2.692720287715584604e+01
1.720036349453619096e+01
1.161749940806371129e+01
1.024462459620658805e+01
3.328362500725309303e+01
9.345675303915381704e+00
1.399002445482984314e+01
1.621111810491569827e+01
1.621124680484783553e+01
1.142283318616206600e+01
8.285589568276691352e+00
1.334854373421106999e+01
2.088078334874742481e+01
1.882809718626639395e+01
2.275101444280524632e+01
1.477306418785872211e+01
2.566440621349195439e+01
1.529793858636408288e+01
1.584441401405380034e+01
1.399255981122937165e+01
1.978710214977783366e+01
2.124382478424627863e+01
2.230377911650423073e+01
2.292794938298723650e+01
2.408723618411797673e+01
1.818390404192863130e+01
2.367355738729430925e+01
3.025740548953363174e+01
3.677489137000704744e+01
1.243871300416228109e+01
1.176740417270770322e+01
2.359986325077923652e+01
1.144781171084135707e+01
1.537684954657844116e+01
2.138663467054857747e+01
1.265940015799127494e+01
1.319850006972113121e+01
1.745054805394748598e+01
1.263871225520720998e+01
1.647802451376082189e+01
1.850178060804661584e+01
1.792923103320587686e+01
2.649026046600784312e+01
3.326082149127654475e+01
1.120802264678983207e+01
4.572915508699157527e+01
2.055737168618987099e+01
1.174903538856976226e+01
1.585878425759528199e+01
2.071213996889708042e+01
1.511015352501981468e+01
1.874897520104825333e+01
1.446677808217386740e+01
2.230593016825277175e+01
1.606172708617307521e+01
1.043144325728587951e+01
1.248587316642317724e+01
2.376084778697708799e+01
2.549831314570943874e+01
9.604475189831855886e+00
2.930329804581957376e+01
1.859580263742031647e+01
1.453760344108086144e+01
1.319627602990223814e+01
1.236588993537961123e+01
2.837974409265379805e+01
1.924897787124425719e+01
1.850955304146107139e+01
2.501942056519576596e+01
1.503393261653597079e+01
1.895965800689215186e+01
2.418206807174953710e+01
1.648129938566399844e+01
1.530988803827062128e+01
9.069517801022225711e+00
1.704860177755834272e+01
1.127007900523882356e+01
1.163405024805315691e+01
2.926801506900879346e+01
9.198639612619279760e+00
1.158015054189276327e+01
1.894230804741611252e+01
3.287901084764605741e+01
1.386120233875691454e+01
1.591068658509931311e+01
1.201433270105911433e+01
1.631923182250822890e+01
1.205648729060758484e+01
2.010160513966795648e+01
2.312380566605226306e+01
9.526012358874950792e+00
2.112495923628936367e+01
2.204367645880424931e+01
1.069961034547771206e+01
1.092924727322931489e+01
1.223603909274863355e+01
2.540253191266911159e+01
1.615051617139199536e+01
1.032406474319889966e+01
1.469490408982396090e+01
2.191774359267580508e+01
8.863080564555811947e+00
1.010556350303601647e+01
2.108346206318619309e+01
3.154310753586178961e+01
1.594147332914132065e+01
2.337687164302547416e+01
8.808946259761025743e+00
1.810442516117722178e+01
1.865413030580377907e+01
1.695116700239426066e+01
2.931312426602421795e+01
1.398138316995106223e+01
1.348136583404367528e+01
3.730230453159368409e+01
2.191216233754712306e+01
1.991927552309252647e+01
2.355048463876935116e+01
1.478210557765130773e+01
2.680740849199339593e+01
1.169130897151760351e+01
1.878958737758258835e+01
1.362329294381453337e+01
1.947049775257480064e+01
1.282021038153033743e+01
2.268104023768259836e+01
1.537539861072980685e+01
1.906242073175408080e+01
1.325817793270853784e+01
1.343773922886740380e+01
1.746236926123224009e+01
1.849291531087330398e+01
1.677306583656939409e+01
1.099267923972280059e+01
9.113947279279017266e+00
1.344033444675422473e+01
1.608563424189676638e+01
1.635255141389144740e+01
2.812605267812714160e+01
1.689631744761995691e+01
2.465875016212667603e+01
1.459895625231820659e+01
1.361366736531377164e+01
2.080601026614684557e+01
1.397965585278943301e+01
1.764069658657030715e+01
1.225074734959009248e+01
1.078334925228062247e+01
2.900292585556247005e+01
1.854897832976511651e+01
2.108894972073062846e+01
2.522714727365195486e+01
1.390133843743335262e+01
2.464429916588342095e+01
2.935086347055717937e+01
1.682316979445582206e+01
1.990983149511466266e+01
2.295595075838483012e+01
2.067332159064484998e+01
2.319000200176783721e+01
3.031103222349054960e+01
1.478736119730336540e+01
2.413539461128529595e+01
1.051441273373654184e+01
1.926845120141834755e+01
2.166212115363587642e+01
2.857524607062103428e+01
2.632599420014295077e+01
1.370795302706068242e+01
8.546574071032043918e+00
1.243310659675153573e+01
2.332161599833891330e+01
1.166045657860801121e+01
1.378425494823870423e+01
2.086512798573474470e+01
1.076314441868967364e+01
1.874991162804961675e+01
2.068282086413679366e+01
2.033909886131763045e+01
2.005638912990217193e+01
1.747620675432100157e+01
1.702284888044901479e+01
1.358288912632298739e+01
1.205621145456817089e+01
2.762597444084856235e+01
3.637306114165371440e+01
1.296516489134199546e+01
3.030711352211250897e+01
1.782854398838350463e+01
1.005499739122885394e+01
1.840008581975544644e+01
1.183830291143497071e+01
1.619910615452855396e+01
1.001334277175345200e+01
1.854740964009177873e+01
3.025199253097436980e+01
1.966358406133407399e+01
1.120063285547095866e+01
2.028460990991393942e+01
1.874186149512756216e+01
1.059086620314035976e+01
2.288073930342719109e+01
2.041951687240224089e+01
2.433851019179337527e+01
2.594702075194405211e+01
2.409090162220574527e+01
1.214358416223458903e+01
2.378857601205242744e+01
2.163299445941130017e+01
3.260725746964069316e+01
2.257647651638741948e+01
3.359611191609958070e+01
2.015165339147966606e+01
1.510944660817598972e+01
2.664044367994822693e+01
7.916127633547476172e+00
9.309433358867565289e+00
2.962480556501217066e+01
1.376029696763302823e+01
2.025791865649706125e+01
3.037242037886593948e+01
2.510490328699997065e+01
3.399503569834164551e+01
1.741013089337318931e+01
1.093878635383482134e+01
1.193949708942740351e+01
1.627736275976253921e+01
1.286078156456304455e+01
1.194521299648161516e+01
1.033699915099749234e+01
1.666187115836056520e+01
3.110998524860416481e+01
1.385761402227648631e+01
1.473645045238085771e+01
3.103576326410002650e+01
1.444233084095763431e+01
1.782545175987662844e+01
1.882619811255300490e+01
1.982926319222339018e+01
2.864898275753267143e+01
1.733377704042006329e+01
1.671715705947930886e+01
2.056518859709028035e+01
2.234887569249067241e+01
1.735626890667216671e+01
1.615292807753062121e+01
1.484412968470510918e+01
1.054318823182538623e+01
1.432960245791991305e+01
9.594792113429033265e+00
1.876792515403566597e+01
1.601919627935092194e+01
1.759436535509099642e+01
1.609737106330195644e+01
2.589675841216071817e+01
2.494589217816811910e+01
2.105651273345970864e+01
1.592194381055037056e+01
1.553964625887195439e+01
2.091758629231701860e+01
2.171918216516283451e+01
1.781810705938480055e+01
1.639310518797180904e+01
1.326139254966786218e+01
1.903519130570104423e+01
1.554937321825094543e+01
1.405539927754656304e+01
1.063729298507216825e+01
2.216878818931220962e+01
1.773261241286202150e+01
1.631985492937087656e+01
2.179523719626422817e+01
2.853599218066285914e+01
2.119452950832569371e+01
2.258537606076053095e+01
1.644813899450406680e+01
1.825835723841629488e+01
1.979042368062978596e+01
1.220327102005027164e+01
1.592777074862116748e+01
1.480995074834184777e+01
1.368265061083548062e+01
1.536307779125555584e+01
2.040961588290406681e+01
3.243727465494240647e+01
1.219170422369395368e+01
2.316693611254481411e+01
1.954376694749886312e+01
1.903839045147702791e+01
1.111505693343870860e+01
1.825818706541616265e+01
1.421218209527673437e+01
1.762944862601777984e+01
1.397069602469866645e+01
1.280765034811210867e+01
1.172003517770012593e+01
1.629258730152165313e+01
2.340237909829943419e+01
1.913065628147551678e+01
1.225043256358893728e+01
1.581961056004095312e+01
1.072096294748983425e+01
1.478909516451133044e+01
2.079479987853405731e+01
1.681836090500456748e+01
1.115247981954472323e+01
2.691492614525669680e+01
1.440632954932181242e+01
1.669777069576915451e+01
1.489087258825469107e+01
3.347881615889959761e+01
1.809683331287097730e+01
3.352267612383962359e+01
1.862516807528904295e+01
1.584465986262173587e+01
2.183627286656795974e+01
2.194053703255237764e+01
1.870451182120319444e+01
1.064324357457044457e+01
1.952683728358068649e+01
3.564239079901103224e+01
2.085625883351623244e+01
1.867036951414979029e+01
2.492116148443949442e+01
1.433841551291720862e+01
1.458763462013075696e+01
2.060481703571916157e+01
1.795740272551361372e+01
1.018969593328855083e+01
1.250921805348514937e+01
1.852285774401173768e+01
3.341459446040302339e+01
1.353701191658586289e+01
9.705324822129556495e+00
1.230657773727266147e+01
1.588070559755822586e+01
2.247718402819971573e+01
1.623382561427217041e+01
1.877700354955698714e+01
1.585891873311339495e+01
2.635584228297067355e+01
2.838081616195305301e+01
1.023165795527836863e+01
1.369773622877905339e+01
1.461367380319180675e+01
2.782301076635948434e+01
1.859638048780245967e+01
2.555571421509414876e+01
4.561884918497605668e+01
1.323602352575714036e+01
1.871343345475856879e+01
1.875838504596940481e+01
2.581493031718738962e+01
2.167514769052747781e+01
1.241014710011122446e+01
2.339772475948664265e+01
8.886766012043965546e+00
2.294904708393190873e+01
1.578193322798054865e+01
2.439018271455167053e+01
2.281308898141831421e+01
1.300019201876229857e+01
1.493632286684716348e+01
2.187808183032451126e+01
1.050008878394371159e+01
3.014033407414995835e+01
3.884009032964059571e+01
3.172634881899485748e+01
1.410025246528739018e+01
1.088831738850370989e+01
1.637832339329200693e+01
1.916021999568307876e+01
2.631848282984443799e+01
1.267343572742506552e+01
1.021535229253030153e+01
1.184708506721867671e+01
2.205597945014829264e+01
1.972936451439472805e+01
1.768566475755371314e+01
1.260284651358364982e+01
1.174948218761613639e+01
2.545240485116810092e+01
1.777176790460252676e+01
1.447434838897534526e+01
1.474272008191702099e+01
1.197683702091990732e+01
1.298157746375790111e+01
1.282530285059536723e+01
1.118141772651841848e+01
1.717087937672527076e+01
1.492288858597229506e+01
1.939468021030253908e+01
8.790989123021990537e+00
2.036591382705191577e+01
1.115946188470937628e+01
1.617394663408057198e+01
1.738324558711691736e+01
1.024033881383883227e+01
1.895699744840885259e+01
1.202808795498544825e+01
1.664023270695696155e+01
2.138812899803487966e+01
2.081631219760451046e+01
2.012749153387602519e+01
1.208699744483810434e+01
2.557247597516310123e+01
1.931529872997093733e+01
1.571671369988576572e+01
1.233282955655208113e+01
3.353025049707337502e+01
1.706537036715597111e+01
2.020284454547743280e+01
1.673443462961932937e+01
2.327882001146139501e+01
2.756323500874487920e+01
1.660368820509132703e+01
1.257538517907275377e+01
2.231161954205927245e+01
1.647985475093722840e+01
2.680975343658555943e+01
1.439013976636370629e+01
1.698357183618363209e+01
1.567409047138558265e+01
1.885724109403453852e+01
1.185134629058010347e+01
2.710638321428028519e+01
1.543021564967191495e+01
2.543542779694426414e+01
1.671021202461396982e+01
1.693486403150239283e+01
1.165892136729921091e+01
1.728568934666628465e+01
2.247332513721313063e+01
1.091433291196362632e+01
1.900560285320265308e+01
1.667275885081479458e+01
2.939499548084272362e+01
1.791523852806338368e+01
2.690748328622878205e+01
1.557672788639523276e+01
1.232225898705937439e+01
1.223257451809851659e+01
1.767757089358612177e+01
1.571208879444039397e+01
1.319853302898291858e+01
1.506488547769400554e+01
1.124606717828246616e+01
1.033650907295453436e+01
1.491888613977146250e+01
2.925502824461961993e+01
1.447939844014546829e+01
1.839046322189679117e+01
2.019181210233596602e+01
2.264603619622784336e+01
1.835297640527707941e+01
1.820297120475235886e+01
1.046411069777019165e+01
2.280114550267468942e+01
8.148669421121901735e+00
1.261542935389550024e+01
3.757130309155024861e+01
1.591745698100426765e+01
1.939572345348885563e+01
1.157778417625895173e+01
2.081291720470229833e+01
1.096101051412476401e+01
1.161531795471486106e+01
2.279715150806206481e+01
3.606488127219996898e+01
2.798788813373522544e+01
9.116908797973469092e+00
4.026163217163858832e+01
1.039263719000660835e+01
1.793108442561904425e+01
2.289396487140091807e+01
9.469619265699904531e+00
1.534951153089335207e+01
1.115965945230836098e+01
3.243001840672195613e+01
2.294662052483235115e+01
8.494895989028858452e+00
1.870688814219414553e+01
2.077226924192382640e+01
2.182331632237354313e+01
2.165403650360685361e+01
1.504704672669480559e+01
1.036570937147470772e+01
1.494093202537582243e+01
3.823019029964407878e+01
2.391399279005806022e+01
7.801477599180731026e+00
1.054491929022855956e+01
1.815198010374335524e+01
1.837745525917839728e+01
1.316786395459714498e+01
1.939999983678773177e+01
1.406824658526714167e+01
2.319133645237107189e+01
2.161816708128428743e+01
1.178846953775590123e+01
1.598261227628321635e+01
1.397817927109616498e+01
1.764592210629956881e+01
2.259742516985612326e+01
1.481864213716677625e+01
2.095737262417726399e+01
7.859130079870330299e+00
1.237531443955534449e+01
1.722522665301684697e+01
1.320591018976841546e+01
1.361116346458652515e+01
1.002386607426757337e+01
2.409686983933489302e+01
1.581260803334792087e+01
3.087949544528435553e+01
1.086026901459116978e+01
1.505117316640413350e+01
1.494103168562566708e+01
1.469238522305569106e+01
2.148637702899966229e+01
1.135592638100926521e+01
2.258383651217694776e+01
2.938322667465364546e+01
1.404111308564629645e+01
1.992739772238881457e+01
8.874128500046646550e+00
2.903781500129790061e+01
1.417437576083494122e+01
1.508051916725060693e+01
2.894132147732264215e+01
2.034598892546882354e+01
2.058606254014948433e+01
1.341162189530141013e+01
2.167728531215328402e+01
1.360974856633844965e+01
1.637159984662497436e+01
1.943003249708542768e+01
1.389067882294147793e+01
1.588286178570868756e+01
1.080421509197295116e+01
9.178934457021536986e+00
1.035859815496558411e+01
2.300596846463482947e+01
1.232748888051506775e+01
1.014642430047288002e+01
1.663448242209440053e+01
2.076651680275176304e+01
1.234441142863497021e+01
1.588366109116977398e+01
2.151944076100774694e+01
2.912879545816357663e+01
1.157055134964884147e+01
1.766318964592168328e+01
1.315831507268361733e+01
1.337585846854243776e+01
1.957819483907176661e+01
1.988630921290775433e+01
1.229139643599521747e+01
2.006302967705783402e+01
2.810278108865156454e+01
2.768060233436501250e+01
1.398085409477506502e+01
1.228307886966640439e+01
4.578808624098422797e+01
1.107486467193881197e+01
1.763818495921930563e+01
1.768339256324404829e+01
1.275542360572875467e+01
2.450804438608500746e+01
1.013438317202516359e+01
2.581837720958403892e+01
3.004344137849751917e+01
2.360286650058102964e+01
1.286472499126822200e+01
1.314700542355929613e+01
3.394597923612752766e+01
1.536744889944595371e+01
1.331510216170237726e+01
2.996473432193462472e+01
2.427475872144026781e+01
2.137512667347802875e+01
1.555198710816382857e+01
1.651372779566452920e+01
5.057736345482130957e+01
1.693121234424494403e+01
2.296031788267816154e+01
